16	15	36
48	14	57
77	20	70
109	29	81
139	24	66
172	22	45
211	18	18
242	110	38
70	11	24
119	24	24
159	59	20
188	88	16
218	129	11
249	170	31
255	217	77
116	48	21
154	79	24
176	110	23
222	161	18
244	202	47
255	242	97
255	254	163
13	53	47
25	82	56
29	119	47
62	161	33
145	206	34
206	232	44
244	241	78
36	91	132
42	141	167
48	183	192
70	221	177
96	240	167
144	249	158
208	255	204
19	20	88
33	51	115
38	78	146
34	113	191
31	171	224
77	234	233
126	247	219
21	12	65
41	25	112
74	35	175
117	33	202
142	34	226
196	54	236
234	89	247
56	22	106
106	38	146
157	39	190
204	40	220
233	68	211
247	115	192
255	153	197
35	27	50
44	42	70
58	61	89
76	84	107
87	105	127
96	127	144
134	180	187
65	60	93
83	82	122
115	119	160
149	162	193
177	197	216
219	233	240
245	254	255
80	48	48
113	72	65
146	95	79
173	121	92
197	160	125
218	190	154
235	222	194
116	37	77
169	55	89
212	94	78
225	137	102
244	192	154
250	221	183
254	238	199
48	23	18
62	32	20
79	43	23
104	57	24
139	80	24
172	109	27
226	151	29
